2485 4035 5585 7135 8685 10235 11785 13335 14885 16435
4035 6585 9135 11685 14235 16785 19335 21885 24435 26985
5585 9135 12685 16235 19785 23335 26885 30435 33985 37535
7135 11685 16235 20785 25335 29885 34435 38985 43535 48085
8685 14235 19785 25335 30885 36435 41985 47535 53085 58635
10235 16785 23335 29885 36435 42985 49535 56085 62635 69185
11785 19335 26885 34435 41985 49535 57085 64635 72185 79735
13335 21885 30435 38985 47535 56085 64635 73185 81735 90285
14885 24435 33985 43535 53085 62635 72185 81735 91285 100835
16435 26985 37535 48085 58635 69185 79735 90285 100835 111385

